0,1,2,3,4,5,6,7,8,9,10,11,12,13,14,15,16,17,18,19,20,21,22,23,24,25,26,27,28,29,30,31,32,33,34,35,36,37,38,39,40,41,42,43,44,45,46,47,48,49,50,51,52,53,54,55,56,57,58,59,60
0.0158,0.0239,0.015,0.0494,0.0988,0.1425,0.1463,0.1219,0.1697,0.1923,0.2361,0.2719,0.3049,0.2986,0.2226,0.1745,0.2459,0.31,0.3572,0.4283,0.4268,0.3735,0.4585,0.6094,0.7221,0.7595,0.8706,1.0,0.9815,0.7187,0.5848,0.4192,0.3756,0.3263,0.1944,0.1394,0.167,0.1275,0.1666,0.2574,0.2258,0.2777,0.1613,0.1335,0.1976,0.1234,0.1554,0.1057,0.049,0.0097,0.0223,0.0121,0.0108,0.0057,0.0028,0.0079,0.0034,0.0046,0.0022,0.0021,0
0.0315,0.0252,0.0167,0.0479,0.0902,0.1057,0.1024,0.1209,0.1241,0.1533,0.2128,0.2536,0.2686,0.2803,0.1886,0.1485,0.216,0.2417,0.2989,0.3341,0.3786,0.3956,0.5232,0.6913,0.7868,0.8337,0.9199,1.0,0.899,0.6456,0.5967,0.4355,0.2997,0.2294,0.1866,0.0922,0.1829,0.1743,0.2452,0.2407,0.2518,0.3184,0.1685,0.0675,0.1186,0.1833,0.1878,0.1114,0.031,0.0143,0.0138,0.0108,0.0062,0.0044,0.0072,0.0007,0.0054,0.0035,0.0001,0.0055,0
0.0123,0.0022,0.0196,0.0206,0.018,0.0492,0.0033,0.0398,0.0791,0.0475,0.1152,0.052,0.1192,0.1943,0.184,0.2077,0.1956,0.163,0.1218,0.1017,0.1354,0.3157,0.4645,0.5906,0.6776,0.8119,0.8594,0.9228,0.8387,0.7238,0.6292,0.5181,0.4629,0.5255,0.5147,0.3929,0.1279,0.0411,0.0859,0.1131,0.1306,0.1757,0.2648,0.1955,0.0656,0.058,0.0319,0.0301,0.0272,0.0074,0.0149,0.0125,0.0134,0.0026,0.0038,0.0018,0.0113,0.0058,0.0047,0.0071,1
0.0056,0.0267,0.0221,0.0561,0.0936,0.1146,0.0706,0.0996,0.1673,0.1859,0.2481,0.2712,0.2934,0.2637,0.188,0.1405,0.2028,0.2613,0.2778,0.3346,0.383,0.4003,0.5114,0.686,0.749,0.7843,0.9021,1.0,0.8888,0.6511,0.6083,0.4463,0.2948,0.1729,0.1488,0.0801,0.177,0.1382,0.2404,0.2046,0.197,0.2778,0.1377,0.0685,0.0664,0.1665,0.1807,0.1245,0.0516,0.0044,0.0185,0.0072,0.0055,0.0074,0.0068,0.0084,0.0037,0.0024,0.0034,0.0007,0
0.0197,0.0394,0.0384,0.0076,0.0251,0.0629,0.0747,0.0578,0.1357,0.1695,0.1734,0.247,0.3141,0.3297,0.2759,0.2056,0.1162,0.1884,0.339,0.3926,0.4282,0.5418,0.6448,0.7223,0.7853,0.7984,0.8847,0.9582,0.899,0.6831,0.6108,0.548,0.5058,0.4476,0.2401,0.1405,0.1772,0.1742,0.3326,0.4021,0.3009,0.2075,0.1206,0.0255,0.0298,0.0691,0.0781,0.0777,0.0369,0.0057,0.0091,0.0134,0.0097,0.0042,0.0058,0.0072,0.0041,0.0045,0.0047,0.0054,0
0.0089,0.0274,0.0248,0.0237,0.0224,0.0845,0.1488,0.1224,0.1569,0.2119,0.3003,0.3094,0.2743,0.2547,0.187,0.1452,0.1457,0.2429,0.3259,0.3679,0.3355,0.31,0.3914,0.528,0.6409,0.7707,0.8754,1.0,0.9806,0.6969,0.4973,0.502,0.5359,0.3842,0.1848,0.1149,0.157,0.1311,0.1583,0.2631,0.3103,0.4512,0.3785,0.1269,0.1459,0.1092,0.1485,0.1385,0.0716,0.0176,0.0199,0.0096,0.0103,0.0093,0.0025,0.0044,0.0021,0.0069,0.006,0.0018,0
0.026,0.0192,0.0254,0.0061,0.0352,0.0701,0.1263,0.108,0.1523,0.163,0.103,0.2187,0.1542,0.263,0.294,0.2978,0.0699,0.1401,0.299,0.3915,0.3598,0.2403,0.4208,0.5675,0.6094,0.6323,0.6549,0.7673,1.0,0.8463,0.5509,0.4444,0.5169,0.4268,0.1802,0.0791,0.0535,0.1906,0.2561,0.2153,0.2769,0.2841,0.1733,0.0815,0.0335,0.0933,0.1018,0.0309,0.0208,0.0318,0.0132,0.0118,0.012,0.0051,0.007,0.0015,0.0035,0.0008,0.0044,0.0077,1
0.0079,0.0086,0.0055,0.025,0.0344,0.0546,0.0528,0.0958,0.1009,0.124,0.1097,0.1215,0.1874,0.3383,0.3227,0.2723,0.3943,0.6432,0.7271,0.8673,0.9674,0.9847,0.948,0.8036,0.6833,0.5136,0.309,0.0832,0.4019,0.2344,0.1905,0.1235,0.1717,0.2351,0.2489,0.3649,0.3382,0.1589,0.0989,0.1089,0.1043,0.0839,0.1391,0.0819,0.0678,0.0663,0.1202,0.0692,0.0152,0.0266,0.0174,0.0176,0.0127,0.0088,0.0098,0.0019,0.0059,0.0058,0.0059,0.0032,1
0.0192,0.0607,0.0378,0.0774,0.1388,0.0809,0.0568,0.0219,0.1037,0.1186,0.1237,0.1601,0.352,0.4479,0.3769,0.5761,0.6426,0.679,0.7157,0.5466,0.5399,0.6362,0.7849,0.7756,0.578,0.4862,0.4181,0.2457,0.0716,0.0613,0.1816,0.4493,0.5976,0.3785,0.2495,0.5771,0.8852,0.8409,0.357,0.3133,0.6096,0.6378,0.2709,0.1419,0.126,0.1288,0.079,0.0829,0.052,0.0216,0.036,0.0331,0.0131,0.012,0.0108,0.0024,0.0045,0.0037,0.0112,0.0075,1
0.0308,0.0339,0.0202,0.0889,0.157,0.175,0.092,0.1353,0.1593,0.2795,0.3336,0.294,0.1608,0.3335,0.4985,0.7295,0.735,0.8253,0.8793,0.9657,1.0,0.8707,0.6471,0.5973,0.8218,0.7755,0.6111,0.4195,0.299,0.1354,0.2438,0.5624,0.5555,0.6963,0.7298,0.7022,0.5468,0.1421,0.4738,0.641,0.4375,0.3178,0.2377,0.2808,0.1374,0.1136,0.1034,0.0688,0.0422,0.0117,0.007,0.0167,0.0127,0.0138,0.009,0.0051,0.0029,0.0122,0.0056,0.002,1
0.0209,0.0278,0.0115,0.0445,0.0427,0.0766,0.1458,0.143,0.1894,0.1853,0.1748,0.1556,0.1476,0.1378,0.2584,0.3827,0.4784,0.536,0.6192,0.7912,0.9264,1.0,0.908,0.7435,0.5557,0.3172,0.1295,0.0598,0.2722,0.3616,0.3293,0.4855,0.3936,0.1845,0.0342,0.2489,0.3837,0.3514,0.2654,0.176,0.1599,0.0866,0.059,0.0813,0.0492,0.0417,0.0495,0.0367,0.0115,0.0118,0.0133,0.0096,0.0014,0.0049,0.0039,0.0029,0.0078,0.0047,0.0021,0.0011,0
0.0414,0.0436,0.0447,0.0844,0.0419,0.1215,0.2002,0.1516,0.0818,0.1975,0.2309,0.3025,0.3938,0.505,0.5872,0.661,0.7417,0.8006,0.8456,0.7939,0.8804,0.8384,0.7852,0.8479,0.7434,0.6433,0.5514,0.3519,0.3168,0.3346,0.2056,0.1032,0.3168,0.404,0.4282,0.4538,0.3704,0.3741,0.3839,0.3494,0.438,0.4265,0.2854,0.2808,0.2395,0.0369,0.0805,0.0541,0.0177,0.0065,0.0222,0.0045,0.0136,0.0113,0.0053,0.0165,0.0141,0.0077,0.0246,0.0198,0
0.0454,0.0472,0.0697,0.1021,0.1397,0.1493,0.1487,0.0771,0.1171,0.1675,0.2799,0.3323,0.4012,0.4296,0.535,0.5411,0.687,0.8045,0.9194,0.9169,1.0,0.9972,0.9093,0.7918,0.6705,0.5324,0.3572,0.2484,0.3161,0.3775,0.3138,0.1713,0.2937,0.5234,0.5926,0.5437,0.4516,0.3379,0.3215,0.2178,0.1674,0.2634,0.298,0.2037,0.1155,0.0919,0.0882,0.0228,0.038,0.0142,0.0137,0.012,0.0042,0.0238,0.0129,0.0084,0.0218,0.0321,0.0154,0.0053,0
0.0428,0.0555,0.0708,0.0618,0.1215,0.1524,0.1543,0.0391,0.061,0.0113,0.1255,0.2473,0.3011,0.3747,0.452,0.5392,0.6588,0.7113,0.7602,0.8672,0.8416,0.7974,0.8385,0.9317,0.8555,0.6162,0.4139,0.3269,0.3108,0.2554,0.3367,0.4465,0.5,0.5111,0.5194,0.4619,0.4234,0.4372,0.4277,0.4433,0.37,0.3324,0.2564,0.2527,0.2137,0.1789,0.101,0.0528,0.0453,0.0118,0.0009,0.0142,0.0179,0.0079,0.006,0.0131,0.0089,0.0084,0.0113,0.0049,0
0.0599,0.0474,0.0498,0.0387,0.1026,0.0773,0.0853,0.0447,0.1094,0.0351,0.1582,0.2023,0.2268,0.2829,0.3819,0.4665,0.6687,0.8647,0.9361,0.9367,0.9144,0.9162,0.9311,0.8604,0.7327,0.5763,0.4162,0.4113,0.4146,0.3149,0.2936,0.3169,0.3149,0.4132,0.3994,0.4195,0.4532,0.4419,0.4737,0.3431,0.3194,0.337,0.2493,0.265,0.1748,0.0932,0.053,0.0081,0.0342,0.0137,0.0028,0.0013,0.0005,0.0227,0.0209,0.0081,0.0117,0.0114,0.0112,0.01,0
0.0352,0.0116,0.0191,0.0469,0.0737,0.1185,0.1683,0.1541,0.1466,0.2912,0.2328,0.2237,0.247,0.156,0.3491,0.3308,0.2299,0.2203,0.2493,0.4128,0.3158,0.6191,0.5854,0.3395,0.2561,0.5599,0.8145,0.6941,0.6985,0.866,0.593,0.3664,0.675,0.8697,0.7837,0.7552,0.5789,0.4713,0.1252,0.6087,0.7322,0.5977,0.3431,0.1803,0.2378,0.3424,0.2303,0.0689,0.0216,0.0469,0.0426,0.0346,0.0158,0.0154,0.0109,0.0048,0.0095,0.0015,0.0073,0.0067,1
0.0293,0.0644,0.039,0.0173,0.0476,0.0816,0.0993,0.0315,0.0736,0.086,0.0414,0.0472,0.0835,0.0938,0.1466,0.0809,0.1179,0.2179,0.3326,0.3258,0.2111,0.2302,0.3361,0.4259,0.4609,0.2606,0.0874,0.2862,0.5606,0.8344,0.8096,0.725,0.8048,0.9435,1.0,0.896,0.5516,0.3037,0.2338,0.2382,0.3318,0.3821,0.1575,0.2228,0.1582,0.1433,0.1634,0.1133,0.0567,0.0133,0.017,0.0035,0.0052,0.0083,0.0078,0.0075,0.0105,0.016,0.0095,0.0011,1
0.0265,0.044,0.0137,0.0084,0.0305,0.0438,0.0341,0.078,0.0844,0.0779,0.0327,0.206,0.1908,0.1065,0.1457,0.2232,0.207,0.1105,0.1078,0.1165,0.2224,0.0689,0.206,0.2384,0.0904,0.2278,0.5872,0.8457,0.8467,0.7679,0.8055,0.626,0.6545,0.8747,0.9885,0.9348,0.696,0.5733,0.5872,0.6663,0.5651,0.5247,0.3684,0.1997,0.1512,0.0508,0.0931,0.0982,0.0524,0.0188,0.01,0.0038,0.0187,0.0156,0.0068,0.0097,0.0073,0.0081,0.0086,0.0095,1
0.0353,0.0713,0.0326,0.0272,0.037,0.0792,0.1083,0.0687,0.0298,0.088,0.1078,0.0979,0.225,0.2819,0.2099,0.124,0.1699,0.0939,0.1091,0.141,0.1268,0.3151,0.143,0.2264,0.5756,0.7876,0.7158,0.5998,0.5583,0.6295,0.7659,0.894,0.8436,0.6807,0.838,1.0,0.9497,0.7866,0.5647,0.348,0.2585,0.2304,0.2948,0.3363,0.3017,0.2193,0.1316,0.1078,0.0559,0.0035,0.0098,0.0163,0.0242,0.0043,0.0202,0.0108,0.0037,0.0096,0.0093,0.0053,1
0.0129,0.0141,0.0309,0.0375,0.0767,0.0787,0.0662,0.1108,0.1777,0.2245,0.2431,0.3134,0.3206,0.2917,0.2249,0.2347,0.2143,0.2939,0.4898,0.6127,0.7531,0.7718,0.7432,0.8673,0.9308,0.9836,1.0,0.9595,0.8722,0.6862,0.4901,0.328,0.3115,0.1969,0.1019,0.0317,0.0756,0.0907,0.1066,0.138,0.0665,0.1475,0.247,0.2788,0.2709,0.2283,0.1818,0.1185,0.0546,0.0219,0.0204,0.0124,0.0093,0.0072,0.0019,0.0027,0.0054,0.0017,0.0024,0.0029,0
0.005,0.0017,0.027,0.045,0.0958,0.083,0.0879,0.122,0.1977,0.2282,0.2521,0.3484,0.3309,0.2614,0.1782,0.2055,0.2298,0.3545,0.6218,0.7265,0.8346,0.8268,0.8366,0.9408,0.951,0.9801,0.9974,1.0,0.9036,0.6409,0.3857,0.2908,0.204,0.1653,0.1769,0.114,0.074,0.0941,0.0621,0.0426,0.0572,0.1068,0.1909,0.2229,0.2203,0.2265,0.1766,0.1097,0.0558,0.0142,0.0281,0.0165,0.0056,0.001,0.0027,0.0062,0.0024,0.0063,0.0017,0.0028,0
0.0131,0.0387,0.0329,0.0078,0.0721,0.1341,0.1626,0.1902,0.261,0.3193,0.3468,0.3738,0.3055,0.1926,0.1385,0.2122,0.2758,0.4576,0.6487,0.7154,0.801,0.7924,0.8793,1.0,0.9865,0.9474,0.9474,0.9315,0.8326,0.6213,0.3772,0.2822,0.2042,0.219,0.2223,0.1327,0.0521,0.0618,0.1416,0.146,0.0846,0.1055,0.1639,0.1916,0.2085,0.2335,0.1964,0.13,0.0633,0.0183,0.0137,0.015,0.0076,0.0032,0.0037,0.0071,0.004,0.0009,0.0015,0.0085,0
0.0366,0.0421,0.0504,0.025,0.0596,0.0252,0.0958,0.0991,0.1419,0.1847,0.2222,0.2648,0.2508,0.2291,0.1555,0.1863,0.2387,0.3345,0.5233,0.6684,0.7766,0.7928,0.794,0.9129,0.9498,0.9835,1.0,0.9471,0.8237,0.6252,0.4181,0.3209,0.2658,0.2196,0.1588,0.0561,0.0948,0.17,0.1215,0.1282,0.0386,0.1329,0.2331,0.2468,0.196,0.1985,0.157,0.0921,0.0549,0.0194,0.0166,0.0132,0.0027,0.0022,0.0059,0.0016,0.0025,0.0017,0.0027,0.0027,0
0.0067,0.0096,0.0024,0.0058,0.0197,0.0618,0.0432,0.0951,0.0836,0.118,0.0978,0.0909,0.0656,0.0593,0.0832,0.1297,0.2038,0.3811,0.4451,0.5224,0.5911,0.6566,0.6308,0.5998,0.4958,0.5647,0.6906,0.8513,1.0,0.9166,0.7676,0.6177,0.5468,0.5516,0.5463,0.5515,0.4561,0.3466,0.3384,0.2853,0.2502,0.1641,0.1605,0.1491,0.1326,0.0687,0.0602,0.0561,0.0306,0.0154,0.0029,0.0048,0.0023,0.002,0.004,0.0019,0.0034,0.0034,0.0051,0.0031,1
0.0225,0.0019,0.0075,0.0097,0.0445,0.0906,0.0889,0.0655,0.1624,0.1452,0.1442,0.0948,0.0618,0.1641,0.0708,0.0844,0.259,0.2679,0.3094,0.4678,0.5958,0.7245,0.8773,0.9214,0.9282,0.9942,1.0,0.9071,0.8545,0.7293,0.6499,0.6071,0.5588,0.5967,0.6275,0.5459,0.4786,0.3965,0.2087,0.1651,0.1836,0.0652,0.0758,0.0486,0.0353,0.0297,0.0241,0.0379,0.0119,0.0073,0.0051,0.0034,0.0129,0.01,0.0044,0.0057,0.003,0.0035,0.0021,0.0027,1
0.0039,0.0063,0.0152,0.0336,0.031,0.0284,0.0396,0.0272,0.0323,0.0452,0.0492,0.0996,0.1424,0.1194,0.0628,0.0907,0.1177,0.1429,0.1223,0.1104,0.1847,0.3715,0.4382,0.5707,0.6654,0.7476,0.7654,0.8555,0.972,0.9221,0.7502,0.7209,0.7757,0.6055,0.5021,0.4499,0.3947,0.4281,0.4427,0.3749,0.1972,0.0511,0.0793,0.1269,0.1533,0.069,0.0402,0.0534,0.0228,0.0073,0.0062,0.0062,0.012,0.0052,0.0056,0.0093,0.0042,0.0003,0.0053,0.0036,1
0.0216,0.0124,0.0174,0.0152,0.0608,0.1026,0.1139,0.0877,0.116,0.0866,0.1564,0.078,0.0997,0.0915,0.0662,0.1134,0.174,0.2573,0.3294,0.391,0.5438,0.6115,0.7022,0.761,0.7973,0.9105,0.8807,0.7949,0.799,0.718,0.6407,0.6312,0.5929,0.6168,0.6498,0.6764,0.6253,0.5117,0.389,0.3273,0.2509,0.153,0.1323,0.1657,0.1215,0.0978,0.0452,0.0273,0.0179,0.0092,0.0018,0.0052,0.0049,0.0096,0.0134,0.0122,0.0047,0.0018,0.0006,0.0023,1
0.0091,0.0213,0.0206,0.0505,0.0657,0.0795,0.097,0.0872,0.0743,0.0837,0.1579,0.0898,0.0309,0.1856,0.2969,0.2032,0.1264,0.1655,0.1661,0.2091,0.231,0.446,0.6634,0.6933,0.7663,0.8206,0.7049,0.756,0.7466,0.6387,0.4846,0.3328,0.5356,0.8741,0.8573,0.6718,0.3446,0.315,0.2702,0.2598,0.2742,0.3594,0.4382,0.246,0.0758,0.0187,0.0797,0.0748,0.0367,0.0155,0.03,0.0112,0.0112,0.0102,0.0026,0.0097,0.0098,0.0043,0.0071,0.0108,1
0.0201,0.0026,0.0138,0.0062,0.0133,0.0151,0.0541,0.021,0.0505,0.1097,0.0841,0.0942,0.1204,0.042,0.0031,0.0162,0.0624,0.2127,0.3436,0.3813,0.3825,0.4764,0.6313,0.7523,0.8675,0.8788,0.7901,0.8357,0.9631,0.9619,0.9236,0.8903,0.9708,0.9647,0.7892,0.5307,0.2718,0.1953,0.1374,0.3105,0.379,0.4105,0.3355,0.2998,0.2748,0.2024,0.1043,0.0453,0.0337,0.0122,0.0072,0.0108,0.007,0.0063,0.003,0.0011,0.0007,0.0024,0.0057,0.0044,1
0.0109,0.0093,0.0121,0.0378,0.0679,0.0863,0.1004,0.0664,0.0941,0.1036,0.0972,0.0501,0.1546,0.3404,0.4804,0.657,0.7738,0.7827,0.8152,0.8129,0.8297,0.8535,0.887,0.8894,0.898,0.9667,1.0,0.9134,0.6762,0.4659,0.2895,0.2959,0.1746,0.2112,0.2569,0.2276,0.2149,0.1601,0.0371,0.0117,0.0488,0.0288,0.0597,0.0431,0.0369,0.0025,0.0327,0.0257,0.0182,0.0108,0.0124,0.0077,0.0023,0.0117,0.0053,0.0077,0.0076,0.0056,0.0055,0.0039,1
0.0202,0.0104,0.0325,0.0239,0.0807,0.1529,0.1154,0.0608,0.1317,0.137,0.0843,0.0269,0.1254,0.3046,0.5584,0.7973,0.8341,0.8057,0.8616,0.8769,0.9413,0.9403,0.9409,1.0,0.9725,0.9309,0.9351,0.7317,0.4421,0.3244,0.4161,0.4611,0.4031,0.3,0.2459,0.1348,0.2541,0.2255,0.1598,0.1485,0.0845,0.0569,0.0855,0.1262,0.1153,0.057,0.0426,0.0425,0.0235,0.0006,0.0188,0.0127,0.0081,0.0067,0.0043,0.0065,0.0049,0.0054,0.0073,0.0054,1
0.0108,0.0086,0.0058,0.046,0.0752,0.0887,0.1015,0.0494,0.0472,0.0393,0.1106,0.1412,0.2202,0.2976,0.4116,0.4754,0.539,0.6279,0.706,0.7918,0.9493,1.0,0.9645,0.9432,0.8658,0.7895,0.6501,0.4492,0.4739,0.6153,0.4929,0.3195,0.3735,0.3336,0.1052,0.0671,0.0379,0.0461,0.1694,0.2169,0.1677,0.0644,0.0159,0.0778,0.0653,0.021,0.0509,0.0387,0.0262,0.0101,0.0161,0.0029,0.0078,0.0114,0.0083,0.0058,0.0003,0.0023,0.0026,0.0027,1
0.0286,0.0453,0.0277,0.0174,0.0384,0.099,0.1201,0.1833,0.2105,0.3039,0.2988,0.425,0.6343,0.8198,1.0,0.9988,0.9508,0.9025,0.7234,0.5122,0.2074,0.3985,0.589,0.2872,0.2043,0.5782,0.5389,0.375,0.3411,0.5067,0.558,0.4778,0.3299,0.2198,0.1407,0.2856,0.3807,0.4158,0.4054,0.3296,0.2707,0.265,0.0723,0.1238,0.1192,0.1089,0.0623,0.0494,0.0264,0.0081,0.0104,0.0045,0.0014,0.0038,0.0013,0.0089,0.0057,0.0027,0.0051,0.0062,1
0.0162,0.0253,0.0262,0.0386,0.0645,0.0472,0.1056,0.1388,0.0598,0.1334,0.2969,0.4754,0.5677,0.569,0.6421,0.7487,0.8999,1.0,0.969,0.9032,0.7685,0.6998,0.6644,0.5964,0.3711,0.0921,0.0481,0.0876,0.104,0.1714,0.3264,0.4612,0.3939,0.505,0.4833,0.3511,0.2319,0.4029,0.3676,0.151,0.0745,0.1395,0.1552,0.0377,0.0636,0.0443,0.0264,0.0223,0.0187,0.0077,0.0137,0.0071,0.0082,0.0232,0.0198,0.0074,0.0035,0.01,0.0048,0.0019,0
0.0453,0.0523,0.0843,0.0689,0.1183,0.2583,0.2156,0.3481,0.3337,0.2872,0.4918,0.6552,0.6919,0.7797,0.7464,0.9444,1.0,0.8874,0.8024,0.7818,0.5212,0.4052,0.3957,0.3914,0.325,0.32,0.3271,0.2767,0.4423,0.2028,0.3788,0.2947,0.1984,0.2341,0.1306,0.4182,0.3835,0.1057,0.184,0.197,0.1674,0.0583,0.1401,0.1628,0.0621,0.0203,0.053,0.0742,0.0409,0.0061,0.0125,0.0084,0.0089,0.0048,0.0094,0.0191,0.014,0.0049,0.0052,0.0044,1
0.0443,0.0446,0.0235,0.1008,0.2252,0.2611,0.2061,0.1668,0.1801,0.3083,0.3794,0.5364,0.6173,0.7842,0.8392,0.9016,1.0,0.8911,0.8753,0.7886,0.7156,0.7581,0.6372,0.321,0.2076,0.2279,0.3309,0.2847,0.1949,0.1671,0.1025,0.1362,0.2212,0.1124,0.1677,0.1039,0.2562,0.2624,0.2236,0.118,0.1103,0.2831,0.2385,0.0255,0.1967,0.1483,0.0434,0.0627,0.0513,0.0473,0.0248,0.0274,0.0205,0.0141,0.0185,0.0055,0.0045,0.0115,0.0152,0.01,0
0.115,0.1163,0.0866,0.0358,0.0232,0.1267,0.2417,0.2661,0.4346,0.5378,0.3816,0.0991,0.0616,0.1795,0.3907,0.3602,0.3041,0.2428,0.406,0.8395,0.9777,0.468,0.061,0.2143,0.1348,0.2854,0.1617,0.2649,0.4565,0.6502,0.2848,0.3296,0.537,0.6627,0.8626,0.8547,0.7848,0.9016,0.8827,0.6086,0.281,0.0906,0.1177,0.2694,0.5214,0.4232,0.234,0.1928,0.1092,0.0507,0.0228,0.0099,0.0065,0.0085,0.0166,0.011,0.019,0.0141,0.0068,0.0086,0
0.0968,0.0821,0.0629,0.0608,0.0617,0.1207,0.0944,0.4223,0.5744,0.5025,0.3488,0.17,0.2076,0.3087,0.4224,0.5312,0.2436,0.1884,0.1908,0.8321,1.0,0.4076,0.096,0.1928,0.2419,0.379,0.2893,0.3451,0.3777,0.5213,0.2316,0.3335,0.4781,0.6116,0.6705,0.7375,0.7356,0.7792,0.6788,0.5259,0.2762,0.1545,0.2019,0.2231,0.4221,0.3067,0.1329,0.1349,0.1057,0.0499,0.0206,0.0073,0.0081,0.0303,0.019,0.0212,0.0126,0.0201,0.021,0.0041,0
0.1088,0.1278,0.0926,0.1234,0.1276,0.1731,0.1948,0.4262,0.6828,0.5761,0.4733,0.2362,0.1023,0.2904,0.4713,0.4659,0.1415,0.0849,0.3257,0.9007,0.9312,0.4856,0.1346,0.1604,0.2737,0.5609,0.3654,0.6139,0.547,0.8474,0.5638,0.5443,0.5086,0.6253,0.8497,0.8406,0.842,0.9136,0.7713,0.4882,0.3724,0.4469,0.4586,0.4491,0.5616,0.4305,0.0945,0.0794,0.0274,0.0154,0.014,0.0455,0.0213,0.0082,0.0124,0.0167,0.0103,0.0205,0.0178,0.0187,0
0.0047,0.0059,0.008,0.0554,0.0883,0.1278,0.1674,0.1373,0.2922,0.3469,0.3265,0.3263,0.2301,0.1253,0.2102,0.2401,0.1928,0.1673,0.1228,0.0902,0.1557,0.3291,0.5268,0.674,0.7906,0.8938,0.9395,0.9493,0.904,0.9151,0.8828,0.8086,0.718,0.672,0.6447,0.6879,0.6241,0.4936,0.4144,0.424,0.4546,0.4392,0.4323,0.4921,0.471,0.3196,0.2241,0.1806,0.099,0.0251,0.0129,0.0095,0.0126,0.0069,0.0039,0.0068,0.006,0.0045,0.0002,0.0029,0
0.0201,0.0178,0.0274,0.0232,0.0724,0.0833,0.1232,0.1298,0.2085,0.272,0.2188,0.3037,0.2959,0.2059,0.0906,0.161,0.18,0.218,0.2026,0.1506,0.0521,0.2143,0.4333,0.5943,0.6926,0.7576,0.8787,0.906,0.8528,0.9087,0.9657,0.9306,0.7774,0.6643,0.6604,0.6884,0.6938,0.5932,0.5774,0.6223,0.5841,0.4527,0.4911,0.5762,0.5013,0.4042,0.3123,0.2232,0.1085,0.0414,0.0253,0.0131,0.0049,0.0104,0.0102,0.0092,0.0083,0.002,0.0048,0.0036,0
0.0305,0.0363,0.0214,0.0227,0.0456,0.0665,0.0939,0.0972,0.2535,0.3127,0.2192,0.2621,0.2419,0.2179,0.1159,0.1237,0.0886,0.1755,0.1758,0.154,0.0512,0.1805,0.4039,0.5697,0.6577,0.7474,0.8543,0.9085,0.8668,0.8892,0.9065,0.8522,0.7204,0.62,0.6253,0.6848,0.7337,0.6281,0.5725,0.6119,0.5597,0.4965,0.5027,0.5772,0.5907,0.4803,0.3877,0.2779,0.1427,0.0424,0.0271,0.02,0.007,0.007,0.0086,0.0089,0.0074,0.0042,0.0055,0.0021,0
0.0317,0.0956,0.1321,0.1408,0.1674,0.171,0.0731,0.1401,0.2083,0.3513,0.1786,0.0658,0.0513,0.3752,0.5419,0.544,0.515,0.4262,0.2024,0.4233,0.7723,0.9735,0.939,0.5559,0.5268,0.6826,0.5713,0.5429,0.2177,0.2149,0.5811,0.6323,0.2965,0.1873,0.2969,0.5163,0.6153,0.4283,0.5479,0.6133,0.5017,0.2377,0.1957,0.1749,0.1304,0.0597,0.1124,0.1047,0.0507,0.0159,0.0195,0.0201,0.0248,0.0131,0.007,0.0138,0.0092,0.0143,0.0036,0.0103,1
0.0365,0.1632,0.1636,0.1421,0.113,0.1306,0.2112,0.2268,0.2992,0.3735,0.3042,0.0387,0.2679,0.5397,0.6204,0.7257,0.835,0.6888,0.445,0.3921,0.5605,0.7545,0.8311,1.0,0.8762,0.7092,0.7009,0.5014,0.3942,0.4456,0.4072,0.0773,0.1423,0.0401,0.3597,0.6847,0.7076,0.3597,0.0612,0.3027,0.3966,0.3868,0.238,0.2059,0.2288,0.1704,0.1587,0.1792,0.1022,0.0151,0.0223,0.011,0.0071,0.0205,0.0164,0.0063,0.0078,0.0094,0.011,0.0068,1
0.0235,0.0291,0.0749,0.0519,0.0227,0.0834,0.0677,0.2002,0.2876,0.3674,0.2974,0.0837,0.1912,0.504,0.6352,0.6804,0.7505,0.6595,0.4509,0.2964,0.4019,0.6794,0.8297,1.0,0.824,0.7115,0.7726,0.6124,0.4936,0.5648,0.4906,0.182,0.1811,0.1107,0.4603,0.665,0.6423,0.2166,0.1951,0.4947,0.4925,0.4041,0.2402,0.1392,0.1779,0.1946,0.1723,0.1522,0.0929,0.0179,0.0242,0.0083,0.0037,0.0095,0.0105,0.003,0.0132,0.0068,0.0108,0.009,1
0.0188,0.037,0.0953,0.0824,0.0249,0.0488,0.1424,0.1972,0.1873,0.1806,0.2139,0.1523,0.1975,0.4844,0.7298,0.7807,0.7906,0.6122,0.42,0.2807,0.5148,0.7569,0.8596,1.0,0.8457,0.6797,0.6971,0.5843,0.4772,0.5201,0.4241,0.1592,0.1668,0.0588,0.3967,0.7147,0.7319,0.3509,0.0589,0.269,0.42,0.3874,0.244,0.2,0.2307,0.1886,0.196,0.1701,0.1366,0.0398,0.0143,0.0093,0.0033,0.0113,0.003,0.0057,0.009,0.0057,0.0068,0.0024,1
0.0269,0.0383,0.0505,0.0707,0.1313,0.2103,0.2263,0.2524,0.3595,0.5915,0.6675,0.5679,0.5175,0.3334,0.2002,0.2856,0.2937,0.3424,0.5949,0.7526,0.8959,0.8147,0.7109,0.7378,0.7201,0.8254,0.8917,0.982,0.8179,0.4848,0.3203,0.2775,0.2382,0.2911,0.1675,0.3156,0.1869,0.3391,0.5993,0.4124,0.1181,0.3651,0.4655,0.4777,0.3517,0.092,0.1227,0.1785,0.1085,0.03,0.0346,0.0167,0.0199,0.0145,0.0081,0.0045,0.0043,0.0027,0.0055,0.0057,0
0.0191,0.0173,0.0291,0.0301,0.0463,0.069,0.0576,0.1103,0.2423,0.3134,0.4786,0.5239,0.4393,0.344,0.2869,0.3889,0.442,0.3892,0.4088,0.5006,0.7271,0.9385,1.0,0.9831,0.9932,0.9161,0.8237,0.6957,0.4536,0.3281,0.2522,0.3964,0.4154,0.3308,0.1445,0.1923,0.3208,0.3367,0.5683,0.5505,0.3231,0.0448,0.3131,0.3387,0.413,0.3639,0.2069,0.0859,0.06,0.0267,0.0125,0.004,0.0136,0.0137,0.0172,0.0132,0.011,0.0122,0.0114,0.0068,0
0.0423,0.0321,0.0709,0.0108,0.107,0.0973,0.0961,0.1323,0.2462,0.2696,0.3412,0.4292,0.3682,0.394,0.2965,0.3172,0.2825,0.305,0.2408,0.542,0.6802,0.632,0.5824,0.6805,0.5984,0.8412,0.9911,0.9187,0.8005,0.6713,0.5632,0.7332,0.6038,0.2575,0.0349,0.1799,0.3039,0.476,0.5756,0.4254,0.5046,0.7179,0.6163,0.5663,0.5749,0.3593,0.2526,0.2299,0.1271,0.0356,0.0367,0.0176,0.0035,0.0093,0.0121,0.0075,0.0056,0.0021,0.0043,0.0017,0
0.0179,0.0136,0.0408,0.0633,0.0596,0.0808,0.209,0.3465,0.5276,0.5965,0.6254,0.4507,0.3693,0.2864,0.1635,0.0422,0.1785,0.4394,0.695,0.8097,0.855,0.8717,0.8601,0.9201,0.8729,0.8084,0.8694,0.8411,0.5793,0.3754,0.3485,0.4639,0.6495,0.6901,0.5666,0.5188,0.506,0.3885,0.3762,0.3738,0.2605,0.1591,0.1875,0.2267,0.1577,0.1211,0.0883,0.085,0.0355,0.0219,0.0086,0.0123,0.006,0.0187,0.0111,0.0126,0.0081,0.0155,0.016,0.0085,0
0.0096,0.0404,0.0682,0.0688,0.0887,0.0932,0.0955,0.214,0.2546,0.2952,0.4025,0.5148,0.4901,0.4127,0.3575,0.3447,0.3068,0.2945,0.4351,0.7264,0.8147,0.8103,0.6665,0.6958,0.7748,0.8688,1.0,0.9941,0.8793,0.6482,0.5876,0.6408,0.4972,0.2755,0.03,0.3356,0.3167,0.4133,0.6281,0.4977,0.2613,0.4697,0.4806,0.4921,0.5294,0.2216,0.1401,0.1888,0.0947,0.0134,0.031,0.0237,0.0078,0.0144,0.017,0.0012,0.0109,0.0036,0.0043,0.0018,0
0.0411,0.0277,0.0604,0.0525,0.0489,0.0385,0.0611,0.1117,0.1237,0.23,0.137,0.1335,0.2137,0.1526,0.0775,0.1196,0.0903,0.0689,0.2071,0.2975,0.2836,0.3353,0.3622,0.3202,0.3452,0.3562,0.3892,0.6622,0.9254,1.0,0.8528,0.6297,0.525,0.4012,0.2901,0.2007,0.3356,0.4799,0.6147,0.6246,0.4973,0.3492,0.2662,0.3137,0.4282,0.4262,0.3511,0.2458,0.1259,0.0327,0.0181,0.0217,0.0038,0.0019,0.0065,0.0132,0.0108,0.005,0.0085,0.0044,0
0.0707,0.1252,0.1447,0.1644,0.1693,0.0844,0.0715,0.0947,0.1583,0.1247,0.234,0.1764,0.2284,0.3115,0.4725,0.5543,0.5386,0.3746,0.4583,0.5961,0.7464,0.7644,0.5711,0.6257,0.6695,0.7131,0.7567,0.8077,0.8477,0.9289,0.9513,0.7995,0.4362,0.4048,0.4952,0.1712,0.3652,0.3763,0.2841,0.0427,0.5331,0.6952,0.4288,0.3063,0.5835,0.5692,0.263,0.1196,0.0983,0.0374,0.0291,0.0156,0.0197,0.0135,0.0127,0.0138,0.0133,0.0131,0.0154,0.0218,0
0.1021,0.083,0.0577,0.0627,0.0635,0.1328,0.0988,0.1787,0.1199,0.1369,0.2509,0.2631,0.2796,0.2977,0.3823,0.3129,0.3956,0.2093,0.3218,0.3345,0.3184,0.2887,0.361,0.2566,0.4106,0.4591,0.4722,0.7278,0.7591,0.6579,0.7514,0.6666,0.4903,0.5962,0.6552,0.4014,0.1188,0.3245,0.3107,0.1354,0.5109,0.7988,0.7517,0.5508,0.5858,0.7292,0.5522,0.3339,0.1608,0.0475,0.1004,0.0709,0.0317,0.0309,0.0252,0.0087,0.0177,0.0214,0.0227,0.0106,0
0.0412,0.1135,0.0518,0.0232,0.0646,0.1124,0.1787,0.2407,0.2682,0.2058,0.1546,0.2671,0.3141,0.2904,0.3531,0.5079,0.4639,0.1859,0.4474,0.4079,0.54,0.4786,0.4332,0.6113,0.5091,0.4606,0.7243,0.8987,0.8826,0.9201,0.8005,0.6033,0.212,0.2866,0.4033,0.2803,0.3087,0.355,0.2545,0.1432,0.5869,0.6431,0.5826,0.4286,0.4894,0.5777,0.4315,0.264,0.1794,0.0772,0.0798,0.0376,0.0143,0.0272,0.0127,0.0166,0.0095,0.0225,0.0098,0.0085,0
0.0137,0.0297,0.0116,0.0082,0.0241,0.0253,0.0279,0.013,0.0489,0.0874,0.11,0.1084,0.1094,0.1023,0.0601,0.0906,0.1313,0.2758,0.366,0.5269,0.581,0.6181,0.5875,0.4639,0.5424,0.7367,0.9089,1.0,0.8247,0.5441,0.3349,0.0877,0.16,0.4169,0.6576,0.739,0.7963,0.7493,0.6795,0.4713,0.2355,0.1704,0.2728,0.4016,0.4125,0.347,0.2739,0.179,0.0922,0.0276,0.0169,0.0081,0.004,0.0025,0.0036,0.0058,0.0067,0.0035,0.0043,0.0033,0
0.0134,0.0172,0.0178,0.0363,0.0444,0.0744,0.08,0.0456,0.0368,0.125,0.2405,0.2325,0.2523,0.1472,0.0669,0.11,0.2353,0.3282,0.4416,0.5167,0.6508,0.7793,0.7978,0.7786,0.8587,0.9321,0.9454,0.8645,0.722,0.485,0.1357,0.2951,0.4715,0.6036,0.8083,0.987,0.88,0.6411,0.4276,0.2702,0.2642,0.3342,0.4335,0.4542,0.396,0.2525,0.1084,0.0372,0.0286,0.0099,0.0046,0.0094,0.0048,0.0047,0.0016,0.0008,0.0042,0.0024,0.0027,0.0041,0
0.0664,0.0575,0.0842,0.0372,0.0458,0.0771,0.0771,0.113,0.2353,0.1838,0.2869,0.4129,0.3647,0.1984,0.284,0.4039,0.5837,0.6792,0.6086,0.4858,0.3246,0.2013,0.2082,0.1686,0.2484,0.2736,0.2984,0.4655,0.699,0.7474,0.7956,0.7981,0.6715,0.6942,0.744,0.8169,0.8912,1.0,0.8753,0.7061,0.6803,0.5898,0.4618,0.3639,0.1492,0.1216,0.1306,0.1198,0.0578,0.0235,0.0135,0.0141,0.019,0.0043,0.0036,0.0026,0.0024,0.0162,0.0109,0.0079,1
0.0491,0.0279,0.0592,0.127,0.1772,0.1908,0.2217,0.0768,0.1246,0.2028,0.0947,0.2497,0.2209,0.3195,0.334,0.3323,0.278,0.2975,0.2948,0.1729,0.3264,0.3834,0.3523,0.541,0.5228,0.4475,0.534,0.5323,0.3907,0.3456,0.4091,0.4639,0.558,0.5727,0.6355,0.7563,0.6903,0.6176,0.5379,0.5622,0.6508,0.4797,0.3736,0.2804,0.1982,0.2438,0.1789,0.1706,0.0762,0.0238,0.0268,0.0081,0.0129,0.0161,0.0063,0.0119,0.0194,0.014,0.0332,0.0439,0
0.0139,0.0222,0.0089,0.0108,0.0215,0.0136,0.0659,0.0954,0.0786,0.1015,0.1261,0.0828,0.0493,0.0848,0.1514,0.1396,0.1066,0.1923,0.2991,0.3247,0.3797,0.5658,0.7483,0.8757,0.9048,0.7511,0.6858,0.7043,0.5864,0.3773,0.2206,0.2628,0.2672,0.2907,0.1982,0.2288,0.3186,0.2871,0.2921,0.2806,0.2682,0.2112,0.1513,0.1789,0.185,0.1717,0.0898,0.0656,0.0445,0.011,0.0024,0.0062,0.0072,0.0113,0.0012,0.0022,0.0025,0.0059,0.0039,0.0048,1
0.0207,0.0535,0.0334,0.0818,0.074,0.0324,0.0918,0.107,0.1553,0.1234,0.1796,0.1787,0.1247,0.2577,0.337,0.399,0.1647,0.2266,0.3219,0.5356,0.8159,1.0,0.8701,0.6889,0.6299,0.5738,0.5707,0.5976,0.4301,0.2058,0.1,0.2247,0.2308,0.3977,0.3317,0.1726,0.1429,0.2168,0.1967,0.214,0.3674,0.2023,0.0778,0.0925,0.2388,0.34,0.2594,0.1102,0.0911,0.0462,0.0171,0.0033,0.005,0.019,0.0103,0.0121,0.0042,0.009,0.007,0.0099,0
0.0117,0.0069,0.0279,0.0583,0.0915,0.1267,0.1577,0.1927,0.2361,0.2169,0.118,0.0754,0.2782,0.3758,0.5093,0.6592,0.7071,0.7532,0.8357,0.8593,0.9615,0.9838,0.8705,0.6403,0.5067,0.5395,0.6934,0.8487,0.8213,0.5962,0.295,0.2758,0.2885,0.1893,0.1446,0.0955,0.0888,0.0836,0.0894,0.1547,0.2318,0.2225,0.1035,0.1721,0.2017,0.1787,0.1112,0.0398,0.0305,0.0084,0.0039,0.0053,0.0029,0.002,0.0013,0.0029,0.002,0.0062,0.0026,0.0052,0
0.01,0.0194,0.0155,0.0489,0.0839,0.1009,0.1627,0.2071,0.2696,0.299,0.3242,0.3565,0.3951,0.5201,0.6953,0.8468,1.0,0.9278,0.851,0.801,0.8142,0.8825,0.7302,0.6107,0.7159,0.8458,0.6319,0.4808,0.6291,0.7152,0.6005,0.4235,0.4106,0.3992,0.173,0.1975,0.237,0.1339,0.1583,0.3151,0.1968,0.2054,0.1272,0.1129,0.1946,0.2195,0.193,0.1498,0.0773,0.0196,0.0122,0.013,0.0073,0.0077,0.0075,0.006,0.008,0.0019,0.0053,0.0019,1
0.0114,0.0222,0.0269,0.0384,0.1217,0.2062,0.1489,0.0929,0.135,0.1799,0.2486,0.2973,0.3672,0.4394,0.5258,0.6755,0.7402,0.8284,0.9033,0.9584,1.0,0.9982,0.8899,0.7493,0.6367,0.6744,0.7207,0.6821,0.5512,0.4789,0.3924,0.2533,0.1089,0.139,0.2551,0.3301,0.2818,0.2142,0.2266,0.2142,0.2354,0.2871,0.2596,0.1925,0.1256,0.1003,0.0951,0.121,0.0728,0.0174,0.0213,0.0269,0.0152,0.0257,0.0097,0.0041,0.005,0.0145,0.0103,0.0025,0
0.0229,0.0369,0.004,0.0375,0.0455,0.1452,0.2211,0.1188,0.075,0.1631,0.2709,0.3358,0.4091,0.44,0.5485,0.7213,0.8137,0.9185,1.0,0.9418,0.9116,0.9349,0.7484,0.5146,0.4106,0.3443,0.6981,0.8713,0.9013,0.8014,0.438,0.1319,0.1709,0.2484,0.3044,0.2312,0.1338,0.2056,0.2474,0.279,0.161,0.0056,0.0351,0.1148,0.1331,0.0276,0.0763,0.0631,0.0309,0.024,0.0115,0.0064,0.0022,0.0122,0.0151,0.0056,0.0026,0.0029,0.0104,0.0163,1
0.0233,0.0394,0.0416,0.0547,0.0993,0.1515,0.1674,0.1513,0.1723,0.2078,0.1239,0.0236,0.1771,0.3115,0.499,0.6707,0.7655,0.8485,0.9805,1.0,1.0,0.9992,0.9067,0.6803,0.5103,0.4716,0.498,0.6196,0.7171,0.6316,0.3554,0.2897,0.4316,0.3791,0.2421,0.0944,0.0351,0.0844,0.0436,0.113,0.2045,0.1937,0.0834,0.1502,0.1675,0.1058,0.1111,0.0849,0.0596,0.0201,0.0071,0.0104,0.0062,0.0026,0.0025,0.0061,0.0038,0.0101,0.0078,0.0006,0
0.0262,0.0582,0.1099,0.1083,0.0974,0.228,0.2431,0.3771,0.5598,0.6194,0.6333,0.706,0.5544,0.532,0.6479,0.6931,0.6759,0.7551,0.8929,0.8619,0.7974,0.6737,0.4293,0.3648,0.5331,0.2413,0.507,0.8533,0.6036,0.8514,0.8512,0.5045,0.1862,0.2709,0.4232,0.3043,0.6116,0.6756,0.5375,0.4719,0.4647,0.2587,0.2129,0.2222,0.2111,0.0176,0.1348,0.0744,0.013,0.0106,0.0033,0.0232,0.0166,0.0095,0.018,0.0244,0.0316,0.0164,0.0095,0.0078,1
0.0126,0.0149,0.0641,0.1732,0.2565,0.2559,0.2947,0.411,0.4983,0.592,0.5832,0.5419,0.5472,0.5314,0.4981,0.6985,0.8292,0.7839,0.8215,0.9363,1.0,0.9224,0.7839,0.547,0.4562,0.5922,0.5448,0.3971,0.0882,0.2385,0.2005,0.0587,0.2544,0.2009,0.0329,0.1547,0.1212,0.2446,0.3171,0.3195,0.3051,0.0836,0.1266,0.1381,0.1136,0.0516,0.0073,0.0278,0.0372,0.0121,0.0153,0.0092,0.0035,0.0098,0.0121,0.0006,0.0181,0.0094,0.0116,0.0063,1
0.1371,0.1226,0.1385,0.1484,0.1776,0.1428,0.1773,0.2161,0.163,0.2067,0.4257,0.5484,0.7131,0.7003,0.6777,0.7939,0.9382,0.8925,0.9146,0.7832,0.796,0.7983,0.7716,0.6615,0.486,0.5572,0.4697,0.564,0.4517,0.3369,0.2684,0.2339,0.3052,0.3016,0.2753,0.1041,0.1757,0.3156,0.3603,0.2736,0.1301,0.2458,0.3404,0.1753,0.0679,0.1062,0.0643,0.0532,0.0531,0.0272,0.0171,0.0118,0.0129,0.0344,0.0065,0.0067,0.0022,0.0079,0.0146,0.0051,0
0.0762,0.0666,0.0481,0.0394,0.059,0.0649,0.1209,0.2467,0.3564,0.4459,0.4152,0.3952,0.4256,0.4135,0.4528,0.5326,0.7306,0.6193,0.2032,0.4636,0.4148,0.4292,0.573,0.5399,0.3161,0.2285,0.6995,1.0,0.7262,0.4724,0.5103,0.5459,0.2881,0.0981,0.1951,0.4181,0.4604,0.3217,0.2828,0.243,0.1979,0.2444,0.1847,0.0841,0.0692,0.0528,0.0357,0.0085,0.023,0.0046,0.0156,0.0031,0.0054,0.0105,0.011,0.0015,0.0072,0.0048,0.0107,0.0094,1
0.0189,0.0308,0.0197,0.0622,0.008,0.0789,0.144,0.1451,0.1789,0.2522,0.2607,0.371,0.3906,0.2672,0.2716,0.4183,0.6988,0.5733,0.2226,0.2631,0.7473,0.7263,0.3393,0.2824,0.6053,0.5897,0.4967,0.8616,0.8339,0.4084,0.2268,0.1745,0.0507,0.1588,0.304,0.1369,0.1605,0.2061,0.0734,0.0202,0.1638,0.1583,0.183,0.1886,0.1008,0.0663,0.0183,0.0404,0.0108,0.0143,0.0091,0.0038,0.0096,0.0142,0.019,0.014,0.0099,0.0092,0.0052,0.0075,1
0.1313,0.2339,0.3059,0.4264,0.401,0.1791,0.1853,0.0055,0.1929,0.2231,0.2907,0.2259,0.3136,0.3302,0.366,0.3956,0.4386,0.467,0.5255,0.3735,0.2243,0.1973,0.4337,0.6532,0.507,0.2796,0.4163,0.595,0.5242,0.4178,0.3714,0.2375,0.0863,0.1437,0.2896,0.4577,0.3725,0.3372,0.3803,0.4181,0.3603,0.2711,0.1653,0.1951,0.2811,0.2246,0.1921,0.15,0.0665,0.0193,0.0156,0.0362,0.021,0.0154,0.018,0.0013,0.0106,0.0127,0.0178,0.0231,0
0.0311,0.0491,0.0692,0.0831,0.0079,0.02,0.0981,0.1016,0.2025,0.0767,0.1767,0.2555,0.2812,0.2722,0.3227,0.3463,0.5395,0.7911,0.9064,0.8701,0.7672,0.2957,0.4148,0.6043,0.3178,0.3482,0.6158,0.8049,0.6289,0.4999,0.583,0.666,0.4124,0.126,0.2487,0.4676,0.5382,0.315,0.2139,0.1848,0.1679,0.2328,0.1015,0.0713,0.0615,0.0779,0.0761,0.0845,0.0592,0.0068,0.0089,0.0087,0.0032,0.013,0.0188,0.0101,0.0229,0.0182,0.0046,0.0038,1
0.0408,0.0653,0.0397,0.0604,0.0496,0.1817,0.1178,0.1024,0.0583,0.2176,0.2459,0.3332,0.3087,0.2613,0.3232,0.3731,0.4203,0.5364,0.7062,0.8196,0.8835,0.8299,0.7609,0.7605,0.8367,0.8905,0.7652,0.5897,0.3037,0.0823,0.2787,0.7241,0.8032,0.805,0.7676,0.7468,0.6253,0.173,0.2916,0.5003,0.522,0.4824,0.4004,0.3877,0.1651,0.0442,0.0663,0.0418,0.0475,0.0235,0.0066,0.0062,0.0129,0.0184,0.0069,0.0198,0.0199,0.0102,0.007,0.0055,1
0.0373,0.0281,0.0232,0.0225,0.0179,0.0733,0.0841,0.1031,0.0993,0.0802,0.1564,0.2565,0.2624,0.1179,0.0597,0.1563,0.2241,0.3586,0.1792,0.3256,0.6079,0.6988,0.8391,0.8553,0.771,0.6215,0.5736,0.4402,0.4056,0.4411,0.513,0.5965,0.7272,0.6539,0.5902,0.5393,0.4897,0.4081,0.4145,0.6003,0.7196,0.6633,0.6287,0.4087,0.3212,0.2518,0.1482,0.0988,0.0317,0.0269,0.0066,0.0008,0.0045,0.0024,0.0006,0.0073,0.0096,0.0054,0.0085,0.006,1
0.0721,0.1574,0.1112,0.1085,0.0666,0.18,0.1108,0.2794,0.1408,0.0795,0.2534,0.392,0.3375,0.161,0.1889,0.3308,0.2282,0.2177,0.1853,0.5167,0.5342,0.6298,0.8437,0.6756,0.5825,0.6141,0.8809,0.8375,0.3869,0.5051,0.5455,0.4241,0.1534,0.495,0.6983,0.7109,0.5647,0.487,0.5515,0.4433,0.525,0.6075,0.5251,0.1359,0.4268,0.4442,0.2193,0.09,0.12,0.0628,0.0234,0.0309,0.0127,0.0082,0.0281,0.0117,0.0092,0.0147,0.0157,0.0129,0
0.019,0.0038,0.0642,0.0452,0.0333,0.069,0.0901,0.1454,0.074,0.0349,0.1459,0.3473,0.3197,0.2823,0.0166,0.0572,0.2164,0.4563,0.3819,0.5627,0.6484,0.7235,0.8242,0.8766,1.0,0.8582,0.6563,0.5087,0.4817,0.453,0.4521,0.4532,0.5385,0.5308,0.5356,0.5271,0.426,0.2436,0.1205,0.3845,0.4107,0.5067,0.4216,0.2479,0.1586,0.1124,0.0651,0.0789,0.0325,0.007,0.0026,0.0093,0.0118,0.0112,0.0094,0.014,0.0072,0.0022,0.0055,0.0122,1
0.0164,0.0173,0.0347,0.007,0.0187,0.0671,0.1056,0.0697,0.0962,0.0251,0.0801,0.1056,0.1266,0.089,0.0198,0.1133,0.2826,0.3234,0.3238,0.4333,0.6068,0.7652,0.9203,0.9719,0.9207,0.7545,0.8289,0.8907,0.7309,0.6896,0.5829,0.4935,0.3101,0.0306,0.0244,0.1108,0.1594,0.1371,0.0696,0.0452,0.062,0.1421,0.1597,0.1384,0.0372,0.0688,0.0867,0.0513,0.0092,0.0198,0.0118,0.009,0.0223,0.0179,0.0084,0.0068,0.0032,0.0035,0.0056,0.004,1
0.0323,0.0101,0.0298,0.0564,0.076,0.0958,0.099,0.1018,0.103,0.2154,0.3085,0.3425,0.299,0.1402,0.1235,0.1534,0.1901,0.2429,0.212,0.2395,0.3272,0.5949,0.8302,0.9045,0.9888,0.9912,0.9448,1.0,0.9092,0.7412,0.7691,0.7117,0.5304,0.2131,0.0928,0.1297,0.1159,0.1226,0.1768,0.0345,0.1562,0.0824,0.1149,0.1694,0.0954,0.008,0.079,0.1255,0.0647,0.0179,0.0051,0.0061,0.0093,0.0135,0.0063,0.0063,0.0034,0.0032,0.0062,0.0067,0
0.0272,0.0378,0.0488,0.0848,0.1127,0.1103,0.1349,0.2337,0.3113,0.3997,0.3941,0.3309,0.2926,0.176,0.1739,0.2043,0.2088,0.2678,0.2434,0.1839,0.2802,0.6172,0.8015,0.8313,0.844,0.8494,0.9168,1.0,0.7896,0.5371,0.6472,0.6505,0.4959,0.2175,0.099,0.0434,0.1708,0.1979,0.188,0.1108,0.1702,0.0585,0.0638,0.1391,0.0638,0.0581,0.0641,0.1044,0.0732,0.0275,0.0146,0.0091,0.0045,0.0043,0.0043,0.0098,0.0054,0.0051,0.0065,0.0103,0
0.0177,0.03,0.0288,0.0394,0.063,0.0526,0.0688,0.0633,0.0624,0.0613,0.168,0.3476,0.4561,0.5188,0.6308,0.7201,0.5153,0.3818,0.2644,0.3345,0.4865,0.6628,0.7389,0.9213,1.0,0.775,0.5593,0.6172,0.8635,0.6592,0.477,0.4983,0.333,0.3076,0.2876,0.2226,0.0794,0.0603,0.1049,0.0606,0.153,0.0983,0.1643,0.1901,0.1107,0.1917,0.1467,0.0392,0.0356,0.027,0.0168,0.0102,0.0122,0.0044,0.0075,0.0124,0.0099,0.0057,0.0032,0.0019,1
0.0125,0.0152,0.0218,0.0175,0.0362,0.0696,0.0873,0.0616,0.1252,0.1302,0.0888,0.05,0.0628,0.1274,0.0801,0.0742,0.2048,0.295,0.3193,0.4567,0.5959,0.7101,0.8225,0.8425,0.9065,0.9802,1.0,0.8752,0.7583,0.6616,0.5786,0.5128,0.4776,0.4994,0.5197,0.5071,0.4577,0.3505,0.1845,0.189,0.1967,0.1041,0.055,0.0492,0.0622,0.0505,0.0247,0.0219,0.0102,0.0047,0.0019,0.0041,0.0074,0.003,0.005,0.0048,0.0017,0.0041,0.0086,0.0058,1
0.0132,0.008,0.0188,0.0141,0.0436,0.0668,0.0609,0.0131,0.0899,0.0922,0.1445,0.1475,0.2087,0.2558,0.2603,0.1985,0.2394,0.3134,0.4077,0.4529,0.4893,0.5666,0.6234,0.6741,0.8282,0.8823,0.9196,0.8965,0.7549,0.6736,0.6463,0.5007,0.3663,0.2298,0.1362,0.2123,0.2395,0.2673,0.2865,0.206,0.1659,0.2633,0.2552,0.1696,0.1467,0.1286,0.0926,0.0716,0.0325,0.0258,0.0136,0.0044,0.0028,0.0021,0.0022,0.0048,0.0138,0.014,0.0028,0.0064,1
0.0164,0.0627,0.0738,0.0608,0.0233,0.1048,0.1338,0.0644,0.1522,0.078,0.1791,0.2681,0.1788,0.1039,0.198,0.3234,0.3748,0.2586,0.368,0.3508,0.5606,0.5231,0.5469,0.6954,0.6352,0.6757,0.8499,0.8025,0.6563,0.8591,0.6655,0.5369,0.3118,0.3763,0.2801,0.0875,0.3319,0.4237,0.1801,0.3743,0.4627,0.1614,0.2494,0.3202,0.2265,0.1146,0.0476,0.0943,0.0824,0.0171,0.0244,0.0258,0.0143,0.0226,0.0187,0.0185,0.011,0.0094,0.0078,0.0112,0
0.0087,0.0046,0.0081,0.023,0.0586,0.0682,0.0993,0.0717,0.0576,0.0818,0.1315,0.1862,0.2789,0.2579,0.224,0.2568,0.2933,0.2991,0.3924,0.4691,0.5665,0.6464,0.6774,0.7577,0.8856,0.9419,1.0,0.8564,0.679,0.5587,0.4147,0.2946,0.2025,0.0688,0.1171,0.2157,0.2216,0.2776,0.2309,0.1444,0.1513,0.1745,0.1756,0.1424,0.0908,0.0138,0.0469,0.048,0.0159,0.0045,0.0015,0.0052,0.0038,0.0079,0.0114,0.005,0.003,0.0064,0.0058,0.003,1
0.0522,0.0437,0.018,0.0292,0.0351,0.1171,0.1257,0.1178,0.1258,0.2529,0.2716,0.2374,0.1878,0.0983,0.0683,0.1503,0.1723,0.2339,0.1962,0.1395,0.3164,0.5888,0.7631,0.8473,0.9424,0.9986,0.9699,1.0,0.863,0.6979,0.7717,0.7305,0.5197,0.1786,0.1098,0.1446,0.1066,0.144,0.1929,0.0325,0.149,0.0328,0.0537,0.1309,0.091,0.0757,0.1059,0.1005,0.0535,0.0235,0.0155,0.016,0.0029,0.0051,0.0062,0.0089,0.014,0.0138,0.0077,0.0031,0
0.0187,0.0346,0.0168,0.0177,0.0393,0.163,0.2028,0.1694,0.2328,0.2684,0.3108,0.2933,0.2275,0.0994,0.1801,0.22,0.2732,0.2862,0.2034,0.174,0.413,0.6879,0.812,0.8453,0.8919,0.93,0.9987,1.0,0.8104,0.6199,0.6041,0.5547,0.416,0.1472,0.0849,0.0608,0.0969,0.1411,0.1676,0.12,0.1201,0.1036,0.1977,0.1339,0.0902,0.1085,0.1521,0.1363,0.0858,0.029,0.0203,0.0116,0.0098,0.0199,0.0033,0.0101,0.0065,0.0115,0.0193,0.0157,0
0.0216,0.0215,0.0273,0.0139,0.0357,0.0785,0.0906,0.0908,0.1151,0.0973,0.1203,0.1102,0.1192,0.1762,0.239,0.2138,0.1929,0.1765,0.0746,0.1265,0.2005,0.1571,0.2605,0.5386,0.844,1.0,0.8684,0.6742,0.5537,0.4638,0.3609,0.2055,0.162,0.2092,0.31,0.2344,0.1058,0.0383,0.0528,0.1291,0.2241,0.1915,0.1587,0.0942,0.084,0.067,0.0342,0.0469,0.0357,0.0136,0.0082,0.014,0.0044,0.0052,0.0073,0.0021,0.0047,0.0024,0.0009,0.0017,1
0.0208,0.0186,0.0131,0.0211,0.061,0.0613,0.0612,0.0506,0.0989,0.1093,0.1063,0.1179,0.1291,0.1591,0.168,0.1918,0.1615,0.1647,0.1397,0.1426,0.2429,0.2816,0.429,0.6443,0.9061,1.0,0.8087,0.6119,0.526,0.3677,0.2746,0.102,0.1339,0.1582,0.1952,0.1787,0.0429,0.1096,0.1762,0.2481,0.315,0.292,0.1902,0.0696,0.0758,0.091,0.0441,0.0244,0.0265,0.0095,0.014,0.0074,0.0063,0.0081,0.0087,0.0044,0.0028,0.0019,0.0049,0.0023,1
0.027,0.0092,0.0145,0.0278,0.0412,0.0757,0.1026,0.1138,0.0794,0.152,0.1675,0.137,0.1361,0.1345,0.2144,0.5354,0.683,0.56,0.3093,0.3226,0.443,0.5573,0.5782,0.6173,0.8132,0.9819,0.9823,0.9166,0.7423,0.7736,0.8473,0.7352,0.6671,0.6083,0.6239,0.5972,0.5715,0.5242,0.2924,0.1536,0.2003,0.2031,0.2207,0.1778,0.1353,0.1373,0.0749,0.0472,0.0325,0.0179,0.0045,0.0084,0.001,0.0018,0.0068,0.0039,0.012,0.0132,0.007,0.0088,1
0.0093,0.0269,0.0217,0.0339,0.0305,0.1172,0.145,0.0638,0.074,0.136,0.2132,0.3738,0.3738,0.2673,0.2333,0.5367,0.7312,0.7659,0.6271,0.4395,0.433,0.4326,0.5544,0.736,0.8589,0.8989,0.942,0.9401,0.9379,0.8575,0.7284,0.67,0.7547,0.8773,0.9919,0.9922,0.9419,0.8388,0.6605,0.4816,0.2917,0.1769,0.1136,0.0701,0.1578,0.1938,0.1106,0.0693,0.0176,0.0205,0.0309,0.0212,0.0091,0.0056,0.0086,0.0092,0.007,0.0116,0.006,0.011,1
0.018,0.0444,0.0476,0.0698,0.1615,0.0887,0.0596,0.1071,0.3175,0.2918,0.3273,0.3035,0.3033,0.2587,0.1682,0.1308,0.2803,0.4519,0.6641,0.7683,0.696,0.4393,0.2432,0.2886,0.4974,0.8172,1.0,0.9238,0.8519,0.7722,0.5772,0.519,0.6824,0.622,0.5054,0.3578,0.3809,0.3813,0.3359,0.2771,0.3648,0.3834,0.3453,0.2096,0.1031,0.0798,0.0701,0.0526,0.0241,0.0117,0.0122,0.0122,0.0114,0.0098,0.0027,0.0025,0.0026,0.005,0.0073,0.0022,0
0.0223,0.0375,0.0484,0.0475,0.0647,0.0591,0.0753,0.0098,0.0684,0.1487,0.1156,0.1654,0.3833,0.3598,0.1713,0.1136,0.0349,0.3796,0.7401,0.9925,0.9802,0.889,0.6712,0.4286,0.3374,0.7366,0.9611,0.7353,0.4856,0.1594,0.3007,0.4096,0.317,0.3305,0.3408,0.2186,0.2463,0.2726,0.168,0.2792,0.2558,0.174,0.2121,0.1099,0.0985,0.1271,0.1459,0.1164,0.0777,0.0439,0.0061,0.0145,0.0128,0.0145,0.0058,0.0049,0.0065,0.0093,0.0059,0.0022,1
0.0131,0.0068,0.0308,0.0311,0.0085,0.0767,0.0771,0.064,0.0726,0.0901,0.075,0.0844,0.1226,0.1619,0.2317,0.2934,0.3526,0.3657,0.3221,0.3093,0.4084,0.4285,0.4663,0.5956,0.6948,0.8386,0.8875,0.6404,0.3308,0.3425,0.492,0.4592,0.3034,0.4366,0.5175,0.5122,0.4746,0.4902,0.4603,0.446,0.4196,0.2873,0.2296,0.0949,0.0095,0.0527,0.0383,0.0107,0.0108,0.0077,0.0109,0.0062,0.0028,0.004,0.0075,0.0039,0.0053,0.0013,0.0052,0.0023,1
0.0519,0.0548,0.0842,0.0319,0.1158,0.0922,0.1027,0.0613,0.1465,0.2838,0.2802,0.3086,0.2657,0.3801,0.5626,0.4376,0.2617,0.1199,0.6676,0.9402,0.7832,0.5352,0.6809,0.9174,0.7613,0.822,0.8872,0.6091,0.2967,0.1103,0.1318,0.0624,0.099,0.4006,0.3666,0.105,0.1915,0.393,0.4288,0.2546,0.1151,0.2196,0.1879,0.1437,0.2146,0.236,0.1125,0.0254,0.0285,0.0178,0.0052,0.0081,0.012,0.0045,0.0121,0.0097,0.0085,0.0047,0.0048,0.0053,1
0.0388,0.0324,0.0688,0.0898,0.1267,0.1515,0.2134,0.2613,0.2832,0.2718,0.3645,0.3934,0.3843,0.4677,0.5364,0.4823,0.4835,0.5862,0.7579,0.6997,0.6918,0.8633,0.9107,0.9346,0.7884,0.8585,0.9261,0.708,0.5779,0.5215,0.4505,0.3129,0.1448,0.1046,0.182,0.1519,0.1017,0.1438,0.1986,0.2039,0.2778,0.2879,0.1331,0.114,0.131,0.1433,0.0624,0.01,0.0098,0.0131,0.0152,0.0255,0.0071,0.0263,0.0079,0.0111,0.0107,0.0068,0.0097,0.0067,0
0.027,0.0163,0.0341,0.0247,0.0822,0.1256,0.1323,0.1584,0.2017,0.2122,0.221,0.2399,0.2964,0.4061,0.5095,0.5512,0.6613,0.6804,0.652,0.6788,0.7811,0.8369,0.8969,0.9856,1.0,0.9395,0.8917,0.8105,0.6828,0.5572,0.4301,0.3339,0.2035,0.0798,0.0809,0.1525,0.2626,0.2456,0.198,0.2412,0.2409,0.1901,0.2077,0.1767,0.1119,0.0779,0.1344,0.096,0.0598,0.033,0.0197,0.0189,0.0204,0.0085,0.0043,0.0092,0.0138,0.0094,0.0105,0.0093,0
0.0264,0.0071,0.0342,0.0793,0.1043,0.0783,0.1417,0.1176,0.0453,0.0945,0.1132,0.084,0.0717,0.1968,0.2633,0.4191,0.505,0.6711,0.7922,0.8381,0.8759,0.9422,1.0,0.9931,0.9575,0.8647,0.7215,0.5801,0.4964,0.4886,0.4079,0.2443,0.1768,0.2472,0.3518,0.3762,0.2909,0.2311,0.3168,0.3554,0.3741,0.4443,0.3261,0.1963,0.0864,0.1688,0.1991,0.1217,0.0628,0.0323,0.0253,0.0214,0.0262,0.0177,0.0037,0.0068,0.0121,0.0077,0.0078,0.0066,0
0.0249,0.0119,0.0277,0.076,0.1218,0.1538,0.1192,0.1229,0.2119,0.2531,0.2855,0.2961,0.3341,0.4287,0.5205,0.6087,0.7236,0.7577,0.7726,0.8098,0.8995,0.9247,0.9365,0.9853,0.9776,1.0,0.9896,0.9076,0.7306,0.5758,0.4469,0.3719,0.2079,0.0955,0.0488,0.1406,0.2554,0.2054,0.1614,0.2232,0.1773,0.2293,0.2521,0.1464,0.0673,0.0965,0.1492,0.1128,0.0463,0.0193,0.014,0.0027,0.0068,0.015,0.0012,0.0133,0.0048,0.0244,0.0077,0.0074,0
0.0261,0.0266,0.0223,0.0749,0.1364,0.1513,0.1316,0.1654,0.1864,0.2013,0.289,0.365,0.351,0.3495,0.4325,0.5398,0.6237,0.6876,0.7329,0.8107,0.8396,0.8632,0.8747,0.9607,0.9716,0.9121,0.8576,0.8798,0.772,0.5711,0.4264,0.286,0.3114,0.2066,0.1165,0.0185,0.1302,0.248,0.1637,0.1103,0.2144,0.2033,0.1887,0.137,0.1376,0.0307,0.0373,0.0606,0.0399,0.0169,0.0135,0.0222,0.0175,0.0127,0.0022,0.0124,0.0054,0.0021,0.0028,0.0023,0
0.0094,0.0333,0.0306,0.0376,0.1296,0.1795,0.1909,0.1692,0.187,0.1725,0.2228,0.3106,0.4144,0.5157,0.5369,0.5107,0.6441,0.7326,0.8164,0.8856,0.9891,1.0,0.875,0.8631,0.9074,0.8674,0.775,0.66,0.5615,0.4016,0.2331,0.1164,0.1095,0.0431,0.0619,0.1956,0.212,0.3242,0.4102,0.2939,0.1911,0.1702,0.101,0.1512,0.1427,0.1097,0.1173,0.0972,0.0703,0.0281,0.0216,0.0153,0.0112,0.0241,0.0164,0.0055,0.0078,0.0055,0.0091,0.0067,0
0.0442,0.0477,0.0049,0.0581,0.0278,0.0678,0.1664,0.149,0.0974,0.1268,0.1109,0.2375,0.2007,0.214,0.1109,0.2036,0.2468,0.6682,0.8345,0.8252,0.8017,0.8982,0.9664,0.8515,0.6626,0.3241,0.2054,0.5669,0.5726,0.4877,0.7532,0.76,0.5185,0.412,0.556,0.5569,0.1336,0.3831,0.4611,0.433,0.2556,0.1466,0.3489,0.2659,0.0944,0.137,0.1344,0.0416,0.0719,0.0637,0.021,0.0204,0.0216,0.0135,0.0055,0.0073,0.008,0.0105,0.0059,0.0105,1
0.0221,0.0065,0.0164,0.0487,0.0519,0.0849,0.0812,0.1833,0.2228,0.181,0.2549,0.2984,0.2624,0.1893,0.0668,0.2666,0.4274,0.6291,0.7782,0.7686,0.8099,0.8493,0.944,0.945,0.9655,0.8045,0.4969,0.396,0.3856,0.5574,0.7309,0.8549,0.9425,0.8726,0.6673,0.4694,0.1546,0.1748,0.3607,0.5208,0.5177,0.3702,0.224,0.0816,0.0395,0.0785,0.1052,0.1034,0.0764,0.0216,0.0167,0.0089,0.0051,0.0015,0.0075,0.0058,0.0016,0.007,0.0074,0.0038,0
